0.1259889085399392	-0.30505823909567575	9.572663020205649	7.450293649915441
0.03362914120236636	0.025389662724819684	8.355468444684654	5.721425304281843
0.11825096408324592	0.09657479830287596	8.213421469703908	5.520509915356593
0.10829154506256958	0.06941204518607791	8.319912328654476	6.0239744517198925
0.18055615662244384	-0.026131977142573426	8.598329313876754	6.7464102031967865
0.16249102615178285	0.13398318740710002	8.001494071658769	5.422614851206503
0.15012838600411943	0.09362392431671107	8.141116890134745	6.120115679694621
0.11656123506185889	-0.01605532233862661	8.528906758958342	6.548006342367709
0.004491316135746106	-0.24382428125105027	9.434575694505815	5.953083363059503
0.1620484031864713	0.12551096724046606	7.984508973853526	5.885529248340668
===================================================
0.09934348234903341	0.03771691772684793	8.299978895074151	5.7426056344243745
0.07731392923320017	-0.07141498150006798	8.823164107914693	6.918646043692347
0.07213275366707778	0.039203510992234736	8.36594003097446	6.1416577625516195
0.1293563777040548	0.05240613687897577	8.458872985832974	6.345716203764311
0.12422333611108353	0.04415809433320805	8.317614502688487	6.36110561629488
0.044746313537403104	0.03134633103919171	8.461577062072035	5.7361703406372895
0.12356725469884364	0.011568510965106249	8.51236661414459	6.443143241565745
0.16437595733559918	-0.014363674201137488	8.390999391791881	6.072499359391409
0.02169841147387232	-0.0004168710993019964	8.493665162424582	5.838387439795149
0.06404034207376412	0.04915621726341601	8.411860534317265	5.558047455686347
===================================================
0.0964275861961674	0.056628423692590246	8.278055085234431	5.626641338971919
0.12529919862374822	-0.1926471379694854	9.106266955565937	7.491898422894127
0.064163239150236	0.05596148478018381	8.436603875457628	5.771900682895477
0.06011960936717521	0.060089096868094716	8.467412156556193	5.766771631325242
0.1035252523330207	0.07970493440009907	8.283211127790661	5.938391255906909
0.06271538508321335	0.02668652364596169	8.628955892283974	6.066190874476053
0.11914694266709729	0.06716786497238114	8.386063137127978	6.209680930050757
0.1610542788564973	0.08480852855899512	8.058537200078556	5.734270291146206
0.07419254093215984	0.046009900625517686	8.299562505744683	5.737890557850829
0.10756590841075934	0.05809560680252024	8.37582990065101	6.23645815213544
===================================================
0.053120104279221224	0.023918625638723268	8.501108846308199	5.75372126728979
0.1106608078098016	-0.2397952929641285	9.081982844371629	7.4455503879641
0.06056992240856723	0.05134627620760834	8.513893557545101	5.868995605661922
0.0540277747117845	0.05029913927157148	8.640269305086353	5.999932547421416
0.20711695453209036	0.09225717140807577	8.091735207028817	6.325156321392065
0.10130969836470533	0.07690240608553112	8.33369432676003	6.067928867136149
0.10743755983962856	-0.014166793198068017	8.67038260996765	6.686170796532666
0.04344252721229008	-0.0685282815169046	8.801988698709332	5.998140082663207
0.09458960366258674	-0.2833151723044389	9.381520634375947	7.717080442741799
0.1259738991674074	0.05896092409214737	8.415737810437301	6.344522745641768
===================================================
0.18572440782997648	0.17327487395775987	7.937319859311385	5.750462368568807
0.1461245108266538	-0.37233336233710235	9.21741701751225	7.73567391421782
0.0536272237113493	0.03460173680047418	8.783662012593995	5.869192777328321
0.1752842555144051	0.10023226108334926	8.374061199613015	6.450915204926107
0.19684003017715887	0.05683819869610085	8.209747589581788	6.428304013419376
0.14410288736858845	0.005233148595687909	8.491859456086075	6.664825844403532
0.1492916906460319	0.06985184449656956	8.54358925061196	6.540968092966969
0.04877433119641729	-0.06193276366319456	8.99853812256216	6.468478625604177
0.18643620810764036	-0.05709592452079559	8.649572110832128	6.954711121628543
0.1962600963567447	0.00013330471074601835	8.290117973046494	6.6664753542278286
===================================================
0.2029448852153814	0.1625164060577522	8.129488932251014	6.0281466534759724
0.20789308602258777	-0.12336329401497759	8.47608202079626	7.030714693541249
0.061329146565960675	0.04547813977546045	8.535187430242578	6.075722196696039
0.2066784585268593	0.08736604729603392	8.3270751141093	6.548070655240012
0.21104132368152992	0.11885808747971405	8.097745656628227	6.2078759380161115
0.1294633533381902	-0.01442874729708854	8.469333721599481	6.592980608702436
0.21268053344409413	0.10653405904319124	8.322967115296994	6.535845404211525
0.12621751780235396	0.10178638777375304	8.354745377847188	6.06179639371955
0.2582184331600227	0.018603483111131247	8.498412359901716	6.6885420826973485
0.1448172325788515	0.003559118790414595	8.219864178390754	6.463466876004461
===================================================
0.1807583622207832	0.13170964340792324	8.051880713376509	6.0924194963789615
0.1922791466439874	-0.14620548480310425	8.6756233155115	7.164594714011615
0.09823768309285474	0.08675874494421776	8.398463277190297	6.076003512875008
0.1837680327808243	0.07091367347577093	8.225326614872854	6.529584754232054
0.20123453055323792	0.01925036289628912	8.644142573999236	6.77005267127626
0.1254247065333576	0.021331875395281807	8.179139479193983	6.272341708909451
0.175827785689651	0.011879910998896626	8.419728404459194	6.653784165612754
0.1787498001561743	0.10358611515889915	8.300929884395943	6.322329342805092
0.29859038096470575	0.10458297617805234	8.20448757778497	6.484254244134631
0.15429622055429262	0.04699595400612089	8.24070426445942	6.4027902812670305
===================================================
