0.21406990060802483	0.024973305534911283	8.27420120801512	5.562073869545943
0.18221323424076427	0.11839176281659225	7.946815246208903	5.278000792505052
0.16211511803990636	0.10673767232258724	8.167093313856645	5.474259763198492
0.09382243368979354	0.08699936413860498	8.240917690675701	5.3819621436553495
0.1847540830822918	-0.03117977431486252	8.619452023814324	5.897236772535629
0.13339639130411265	0.10620337335275065	8.12881578569725	5.238656557408379
0.1845191947213254	0.0997574796423798	8.113524174168726	5.604841746537465
0.16841520731680623	-0.8682979189926197	11.565322671199755	7.889980958219523
0.080467177614195	-0.06353669840980092	8.724069124921638	5.367464211537133
0.29285256115671127	0.27999788737807096	7.244992080668445	4.790080191691106
===================================================
0.21157546290332455	0.07866249835553962	8.12147547493192	5.430391839568173
0.2112206834624569	0.1788926704483096	7.724056894228273	5.612030992442984
0.16303260134144335	0.12375031462714992	7.989378213758056	5.372441352497204
0.11751335466866589	0.10466503860426402	8.22231585295371	5.614827717979631
0.17705049738216663	0.0834004325045925	8.14508421144364	5.594280159431013
0.10830357142384155	0.05599832860521636	8.353210616508637	5.343176333945556
0.241088088453394	0.15796314098603936	7.85674367792919	5.4382149458475135
0.26220347839222885	-0.1181771918158887	8.809923966315763	5.868885287579976
0.10276226901211177	-0.014234254248909783	8.5521196777092	5.6792073065350905
0.25302346252032826	0.22837260054352482	7.5777678858245014	4.727461634619821
===================================================
0.25682374241753286	0.13810853083086438	7.912490647403067	5.214008437451558
0.25719761501651534	0.18154387256951676	7.543659803818099	5.460161288299637
0.16736024033957325	0.1052771396976151	8.213288316630459	5.320141178687035
0.17399316028624762	0.06281801495089523	8.45511116586127	5.076146880947335
0.29624994061281873	0.2838454893808833	7.3069906254108306	4.846117666142206
0.16721155727141007	0.12150110868076769	8.197897607445645	5.245341848995486
0.25432631729005234	0.214370907938791	7.696001736929	5.5191297648188185
0.2686829049568244	-0.0704680419470094	8.715395220739937	5.628046594896913
0.220863849689745	0.14526189891924146	7.855969670112686	5.071724735892471
0.32509428758113607	0.31222526179587384	7.157272422921378	4.575930207408496
===================================================
0.2584282213446588	0.12836061131566856	8.033429518270351	5.318052111935402
0.26678514613658605	0.19885137764383387	7.300661805352731	4.9074671170745425
0.20729455741587222	0.13222820069038632	8.142862934094481	5.264709158303585
0.21329523272253623	0.11160677196820168	8.356732160486953	5.0540702613108826
0.39287901572776723	0.36867320291249517	6.7481909185852125	4.781037700336813
0.24488353223029702	0.23606175042083188	7.581286078505055	5.018189857631388
0.274556855874526	0.2533456361121187	7.439493579266533	5.282474354290916
0.1797349321677329	0.10573669024467902	8.052310298764144	5.183642746781273
0.2600487382877783	0.23248192118564237	7.255224922066321	5.029807645052188
0.30428621108997755	0.2874705125040907	7.323012727534735	4.67389235828055
===================================================
0.2847951032643117	0.24664189774387357	7.576943435731048	4.9584362825563195
0.27287278120985314	0.039905922503296054	7.7096794418855055	5.281996254451844
0.26638602982856263	0.18122122626357906	8.089201379753376	5.188040859311455
0.3652399692282901	0.3005327997329923	7.3833694256492	5.235522832852757
0.30774294104696354	0.2782067654721341	7.181962063310994	4.8495839142012445
0.2946169134035219	0.2863996056623014	7.192331332730897	4.830515248124823
0.32583191948070084	0.31919109074155305	7.309318917275524	5.077974307530759
0.24778033974850874	0.2185697685317628	7.7191335578991005	4.988569251534428
0.31774023042743355	0.28655403497284493	7.105881610353757	4.888116643728993
0.32616109875249094	0.30006596862519874	6.936145813559095	4.470041250484362
===================================================
0.39468086382823975	0.3868624870986669	6.955911278832854	4.530574281773341
0.4678418865712346	0.4402462763768079	5.983200157912778	4.250493797113577
0.28225695433776377	0.22881695680694047	7.671828024630865	5.046784851712794
0.323797802142692	0.26965515626968617	7.449174622406566	5.441192083235572
0.37392612940801784	0.3614934334151446	6.89324772422873	4.642761756387231
0.23317921675493086	0.21226565686414045	7.463256398402628	4.8445286712910125
0.36221789524502346	0.3533392675126751	7.080720028590097	4.837473980860287
0.3128086021239925	0.3115388443880621	7.31447438326744	4.836054354768638
0.27750208575381935	0.2683496619328336	7.337824708037623	4.619223563358837
0.26907634657851753	0.21280057357076076	7.306026740568086	4.690050756910432
===================================================
0.430407866083075	0.42503431590872653	6.5521797939851405	4.40166021636827
0.23118988892937115	0.044666194879219745	7.920398247288212	4.417766935808754
0.31488270530375734	0.269112629100564	7.51332707645172	4.968787881006975
0.2899815462281439	0.21790055585665347	7.546682977564875	5.342414446965353
0.4877857689507138	0.48750437839763505	6.248674797324406	4.059266720637043
0.18211702837458935	0.14843339706186298	7.629554908956934	5.10715729323812
0.3342963521239592	0.29772933933252144	7.098155033743602	4.740641782566891
0.34787417950812094	0.346073199890381	7.0898496648234985	4.7699700618836305
0.3792727323705294	0.3463561236025937	7.009860683623445	4.499691788089258
0.34106458135142964	0.3231973127692175	6.9446121176532385	4.505302343631853
===================================================
