0.18523663051100317	-0.01648720525938807	8.448289408710242	5.944919252005055
0.04042377918996549	-0.5554298844575793	10.555541463855901	5.556571422238596
0.19502401774654707	0.1438516512525242	7.99562689451135	5.278229373216926
0.11645337696367053	0.10514937891386411	8.15859375100688	5.316040773453833
0.18998292153925586	0.10926886231671795	8.010982459909407	5.426631131799224
0.11358931263342838	0.07086350959784216	8.287960726525087	5.318829343526682
0.2269450892929795	0.1844033665522885	7.722670152746733	5.287233076065428
0.25175780847746915	-0.14082366013943015	9.037409240162885	5.822108619874297
0.072146715729108	-0.03992535073413772	8.626685006673007	6.014257808383657
0.347498206761238	0.32782836483163214	7.000210837813514	4.945677343402673
===================================================
0.22499248163111263	0.10264874406395219	8.015060414634748	5.555061463590126
0.0813936948313784	-0.4285734540111379	10.188184181336618	5.623224132886446
0.18075265926643244	0.09758687267731203	8.107776075053346	5.269720575434588
0.17709921143680238	0.14239272311520668	8.047215151390086	5.190057798537424
0.29070186725089814	0.23789191417714284	7.4270105278533745	5.156532107100676
0.21138674328577223	0.18216013512346818	7.775014151564427	5.272608215121319
0.2665913898182349	0.22704528340531938	7.52755711297495	5.169666091601998
0.32335808330958826	0.1132625360779933	7.845387050385006	5.132614551032125
0.08257578053360606	-0.03549809908144086	8.641304036406142	5.8642770705781375
0.2527197010960472	0.24440016600618608	7.4986555533778025	4.870251779699167
===================================================
0.3187572477726582	0.25294432607950734	7.366537481113012	4.885248432775799
0.13619828020023292	-0.3082821432238716	9.537512045556054	5.3662721578952235
0.1740058302836421	0.07202986028908254	8.36449647323656	5.3111114162786155
0.1942164102619823	0.08802584977949734	8.340625477331644	4.975654044547702
0.31678266743272887	0.30466458496328586	7.199997723818898	4.777406402672668
0.24566530855147412	0.20873512499587488	7.780236962124547	5.130261411765525
0.3138679127836186	0.2981266010644421	7.274208917177841	5.198646502647555
0.32768301626207624	0.18469164206912803	7.606085098754202	4.90771657707935
0.1720027847829699	0.13756162635223934	7.8912772534815385	5.253175930349035
0.3023121080592159	0.30011200988469366	7.220025115313127	4.683967649438709
===================================================
0.3014637611097425	0.25262730850086734	7.4387707805959105	5.022623048855847
0.2555549246236458	0.05717287328814058	7.919936878841214	4.8710872459877805
0.1966095504218444	0.07954310748004634	8.386409898692559	5.273876503602633
0.22340742616496087	0.13316540987407943	8.254713027765328	4.969760806244846
0.3851185028617991	0.36749656705522304	6.754476464569584	4.7474307360084795
0.3788953652751211	0.3765067338930421	6.849039029007173	4.643757875441906
0.31884355914649604	0.31105686440030866	7.146201505610198	5.03455942874244
0.2572196256589173	0.21826199844644034	7.528672542081952	4.786899209041098
0.351654940850263	0.2700977030964603	7.075203550826025	5.196052019000829
0.3001772921497449	0.2909891515352051	7.3049089658091	4.698565154262256
===================================================
0.3213346238871529	0.2842933881313183	7.385175632989413	4.789874661650555
0.2800654042605971	-0.06554086224802336	8.12202796040393	5.100133817020311
0.22928655432706466	0.11863727406448543	8.392661350701147	5.296847208479572
0.29956528771284807	0.19459312184959576	7.92279810087217	5.054019200813479
0.3127024693830794	0.276731608579583	7.189297344904878	4.823538325862957
0.3564506199875885	0.3322722808738189	6.95731790061291	4.7081385067292185
0.3746661266198461	0.37370132910575016	7.010597620093235	4.763971141473707
0.30560082733909943	0.2714179451102485	7.453541706637112	4.656169141410674
0.3854841636072648	0.3294857260156787	6.888766087773906	4.784926170203611
0.40597092803427376	0.3255734976384692	6.808586722721875	4.6661443010554
===================================================
0.4285005716914491	0.4130265069878808	6.805880742916944	4.381658658376322
0.45224742405653884	0.4311417577803677	6.0316629278642395	4.114924737580115
0.27364911227877425	0.19517328454586957	7.837387412131002	5.00730201997653
0.4038729561638752	0.38669136329196385	6.826273923575624	4.605555414792239
0.36483818894002507	0.35552923349622845	6.925367320529616	4.5921075797384825
0.34592342944090493	0.29417255594400515	7.064602689048274	4.802644013369241
0.40380856430538076	0.39932760488162045	6.82429849543264	4.571646419023182
0.37039774149642396	0.3626285809479989	7.037844954788177	4.5157220679064025
0.36996652950127346	0.34075118331907694	6.965306365818789	4.5465009965867775
0.3465330521902187	0.28071916545237996	6.983740879683918	4.832997398732315
===================================================
0.42626830359637635	0.3977526231106785	6.705826334357089	4.439880681475472
0.46252580592111997	0.4591948138315607	5.959226190106769	4.0880563127448495
0.26665573295781847	0.18192384697120345	7.948843253399557	5.021302769467813
0.30580435178122295	0.26407781980558565	7.320505378833107	4.972669177151129
0.509452547935675	0.5055249044337895	6.13783281683094	3.9568505342607576
0.3211211823048142	0.2778417031419621	7.025966830307677	4.806316810432648
0.3416867352042554	0.3118251735721449	7.026557576239588	4.725293373201562
0.41461742627785053	0.40914157579172694	6.73929045059086	4.405465220086096
0.40191932055463875	0.3697773192851238	6.883127315032477	4.412795625268398
0.3735512711763306	0.3429365307440977	6.842591566739779	4.647674876302616
===================================================
