0.1890781779651889	-0.32215968507385884	9.63517883712682	6.4235435916515025
0.03710567901537199	-0.41164381630338154	10.055828586880224	5.870523654959762
0.08225665643773014	0.05589900520781543	8.396286244847321	5.643274444601633
0.14657126903628312	0.12640402054765698	8.061119323634042	5.575925291881183
0.1748777774990951	0.06170744143227569	8.222078136176853	5.521658645533375
0.0705370296238189	0.025217502045635776	8.48910269852897	5.572297650944257
0.203879356723225	0.14922975305647723	7.887437307220369	5.457171690810359
0.145723856350258	-0.07678584501696273	8.78009789052338	5.8608994570624935
0.07338356773869728	-0.25344278037941304	9.470984252700994	6.338397516170818
0.2099655165180105	0.11511155273966767	8.03184451026332	5.680014213191763
0.1333378886907679	-0.053046285174408736	8.70299577879023	5.794370615680714
===================================================
0.18335284923494255	0.039122207568592526	8.293916158572642	5.554974583796899
0.18816883015063068	0.16464635644692516	7.79077541757179	5.215459230743574
0.1395590850111725	-0.09934868620923964	8.948840640655018	5.997031058768627
0.23403322241848412	0.22235462137944584	7.662882774603138	5.260348100439301
0.23667923797868354	0.18568275969203407	7.677194961228724	5.211610577511794
0.18678950990390844	0.15624137273210326	7.897255034518834	5.488758925209796
0.22296622417115763	0.1443759676588573	7.919878528465621	5.614072822154765
0.16474695267872969	-0.03454852198853664	8.474074501127063	5.697549069864317
0.1261933921334791	0.03818205124374452	8.328198565720479	5.598277387200864
0.21376099294648343	0.20649488844610808	7.684442095660098	5.1397920952843
0.18962502966276717	0.10232030169700344	8.067745867812341	5.4777873850974235
===================================================
0.18462111189041033	0.08034019433865869	8.173357994103396	5.4179874444201
0.28249232051200945	0.21090566703331837	7.407111033125249	5.226560400773091
0.23052753053259775	0.21735534414328928	7.681660579374583	5.250085640885787
0.23104191539918253	0.22862715407981637	7.670780038103884	5.077235788818053
0.27382733651277236	0.2727526471070366	7.363363813978886	4.988659931564393
0.2359729994277295	0.23566808226649982	7.646679339351606	5.208001439198438
0.22734967831509895	0.20489414813964835	7.742279640613448	5.396820176970201
0.23773558544434978	0.21478999642998353	7.464369760954185	5.113919032243132
0.20226308051313846	0.1487785355013871	7.8397921621593225	5.280351064188837
0.25792135546016504	0.25656621510764577	7.441244668869087	5.032791727250739
0.23637529140074542	0.2070677984147284	7.643063903063364	5.199241264631278
===================================================
0.2691827451598623	0.24569035052244503	7.473213604518965	4.997152581601469
0.3556591842728413	0.2706150746579088	6.966009737869036	5.018803426878522
0.2540683295755425	0.23934172742963633	7.623758924159932	5.184252035040442
0.22415282053085	0.22182594643581566	7.821179194412908	5.156999270298606
0.311259321818647	0.3023557508282626	7.093772535670005	4.928478304237134
0.22643991634840085	0.21092772530621162	7.704991241325085	5.217277722845358
0.2110630239318626	0.13083560164474728	8.02665384104939	5.506437010780101
0.2718794164111332	0.2598276746102762	7.325785822278868	4.963867547758753
0.30328199949987156	0.1974713241716579	7.418854495710379	5.228489890104545
0.26386341881417835	0.26377388327008244	7.44378768807455	4.984533903389981
0.269085017636319	0.2342665058877044	7.489800708506912	5.1186291692934915
===================================================
0.3171416048740361	0.30179603905654995	7.294314218159432	4.890335577663523
0.39516411586995115	0.293827562188514	6.612029874595603	4.8135547600468565
0.2865989883395318	0.22930521109604174	7.848082700159997	5.177739508742858
0.24548344570535083	0.24445384067931142	7.673640034447661	5.140537291334622
0.352711561863822	0.3454395864933725	6.839298699070196	4.654656186620373
0.3204943760763038	0.27395109918379756	7.254793939068152	5.008891747749229
0.3199480053141784	0.31501462820117987	7.331704363267245	5.135214875979282
0.29434406046392747	0.2851108213084559	7.3831690489245085	4.938278442675803
0.3087390493624274	0.2376593141162303	7.345341194025708	4.987590174444534
0.3437126699436936	0.26308266744767306	7.117034076281406	5.000126355658348
0.31843378778132225	0.2789640769771126	7.269940814799991	4.974692492091543
===================================================
0.3652557320935139	0.35264999261522745	7.147343730709551	4.811040015198976
0.4151126353436337	0.3718216630614126	6.338354330902642	4.552989811627753
0.38752712596090105	0.3638947449461738	6.967622529723328	4.771278526310417
0.37660196041729166	0.36423696162993213	6.950112093765867	4.959439889715067
0.34510793943537016	0.3423475984782157	6.995832573776353	4.702555367869033
0.3466663063119167	0.2796580882644427	7.13687046002605	4.9145516319708635
0.35361641045046305	0.34594576170756364	7.121083200050514	5.059581043852127
0.31225347517040286	0.31019743127111676	7.3215967583660895	4.909878178654525
0.33251256966932086	0.3036608386244689	7.158564691773558	4.77451597992674
0.3570058489566359	0.3088831508301022	6.845648776988468	4.771205333249229
0.359166000380945	0.3343296231428656	6.998302914608242	4.822703577837473
===================================================
0.37349376067394296	0.3633925371309985	6.894467142730343	4.7181939449023576
0.42153780151915715	0.39214952749456067	6.317828394824103	4.546477403602155
0.4274007400431463	0.4071414037269703	6.7667888832288	4.616448027834881
0.39184417507275443	0.3768137232357389	6.736496033587908	4.869191003018464
0.36687818881304424	0.36189393416384696	6.972512152364979	4.724744296718145
0.34752184884490445	0.2970719396218895	6.931788971085701	4.784734212283696
0.3112712617490204	0.2863800035351052	7.1552814916006175	5.0846617119199715
0.3111427873729868	0.30801940865479405	7.293221689596051	4.871638916665689
0.40399757779376183	0.39867429633516394	6.723473111263389	4.4843224204636245
0.3724873515705153	0.35703750816302127	6.768770290265686	4.666841371627124
0.3727575493453234	0.3548574282062089	6.856062816054758	4.736725330903611
===================================================
