0.21331958636898082	0.026727220484039194	8.266755885008164	5.560869344088051
0.18962968620442855	0.1123457028273378	7.974018273937998	5.285824094680881
0.1464931222986795	0.09552502282077036	8.218192061208827	5.5215201248685215
0.09003127531372904	0.08470750450140707	8.25125458856613	5.430025616140366
0.19626244488765077	-0.05457956208096393	8.716700794259467	6.026689943837698
0.12810611523534612	0.09724044529068032	8.169471705288037	5.218396920650872
0.18889801414230104	0.10650666173390211	8.083053122421566	5.590251804017959
0.16936458014987799	-0.749896630555412	11.192855227373318	7.6163717671817475
0.09035433035613503	-0.05966575602578206	8.708178204823456	5.314705456382788
0.2969896187103559	0.29293673833745537	7.17959862759685	4.928027520586323
===================================================
0.21263741159998836	0.06889466017791734	8.164413110167704	5.449239826163244
0.20336504339608608	0.16481119074748807	7.79000673093063	5.69429892607577
0.16890166205873108	0.1268737564172624	7.975126205605683	5.355635111765723
0.13658049153702892	0.1223438055063022	8.140734581626893	5.374483208096019
0.1724650482494556	0.08161665926472317	8.15300583938668	5.591384921049086
0.11203809559805863	0.06607061808117454	8.3085276507359	5.316442923056179
0.23188824222792392	0.14591128753931115	7.912769678009286	5.456379359894228
0.2647142924595934	-0.10093844682291953	8.741749648302081	5.925711327933427
0.0994108942602967	-0.019819793928254725	8.575636245708617	5.711111949082476
0.25317089869644255	0.22436487065934108	7.597421357781538	4.737023200793144
===================================================
0.2572000551085082	0.13679348703514216	7.9185246471187565	5.209447433595883
0.26145464399262447	0.19546851644681806	7.479213222333841	5.387363015368536
0.17173038992251063	0.11440318273267258	8.171293784545957	5.283701548878473
0.18284596025408112	0.07328914058173475	8.407744046780596	5.063938469725802
0.2785937776264172	0.26343362755073363	7.410391076867198	4.897012923834902
0.16384132301211699	0.11635406919388447	8.2218778762575	5.258485719076004
0.2563585497733125	0.2217558829316878	7.659744821765123	5.492090073247741
0.27007958084234673	-0.05234964385379781	8.641323465015676	5.579427016303287
0.21381256877676225	0.13405879161234124	7.907286414622207	5.133956214762768
0.3300022148423592	0.3123407109787618	7.156671691398781	4.554901377459569
===================================================
0.25387219210241113	0.12446239784226099	8.051373342390766	5.342305178313443
0.27174434177911055	0.21620495080834423	7.22115959721993	4.85844948908189
0.20585236873635196	0.1281095489945291	8.162164043002225	5.277951699711389
0.21810251187333468	0.11646049278439641	8.333872464558043	5.041473345636885
0.38214197757342633	0.35539826447489997	6.818769100865989	4.817345803614224
0.2535766892189598	0.24452873769807848	7.539156032624412	4.983700729005005
0.26808184219020753	0.23878551000423454	7.511680245371579	5.3419803846482825
0.19170453644270105	0.13586260652794357	7.9155153456632625	5.11416106286656
0.2531061290847467	0.226764598885969	7.282197249294142	5.039760605986579
0.3030256456327528	0.2841803803670805	7.339900400673453	4.677842078633606
===================================================
0.2849261944749458	0.24752246964829894	7.572513939116955	4.981092975174114
0.26936275950519994	0.024850005170972467	7.769894770708109	5.318121789456862
0.26097926533900584	0.1805712101440612	8.092411690211902	5.198718950638112
0.36655440803448786	0.30909539082885695	7.338038173963567	5.205270837876242
0.29049395835031305	0.2591671290232528	7.2760692729286305	4.893603687905014
0.28853494070447205	0.28083106013632586	7.2203393008456525	4.820665158140532
0.32548112144271696	0.3169203350710462	7.321498443938822	5.09909211315567
0.24818952872830116	0.22019180352875978	7.711117993352838	4.999110480507192
0.31779382695249736	0.2836256594386509	7.120449904241018	4.922973663727292
0.32853821899676355	0.3033696479727567	6.919757194032684	4.4563578817813125
===================================================
0.3959095899896709	0.38609154982804605	6.960282962611437	4.5436951222744
0.4645578942720383	0.4424380723489003	5.971474629310464	4.252150724214505
0.28357329390306624	0.22808540339174432	7.675465955785268	5.0238190733847885
0.3236915963498458	0.269866317705039	7.448097670790825	5.453648087510896
0.36856599861560474	0.3588831389029241	6.907323581328622	4.648698891696929
0.21667668199480924	0.18670487914184297	7.583375400070054	4.911978123818948
0.3632165990052863	0.3537956701230708	7.078220859121049	4.8047151457570205
0.33485986174244836	0.33408037409379376	7.193732919309581	4.763230032802982
0.26083957590890877	0.24695409373955512	7.444341196380131	4.671785068351555
0.2775900073444919	0.23086757193005236	7.221699848742206	4.631223756789335
===================================================
0.42269555129461595	0.4148588783407062	6.609904021382807	4.4486634281434885
0.23329778419939998	0.051287249837667304	7.892903893546816	4.469936834067221
0.318736233170121	0.2791343619346405	7.4616389120823445	4.957259430749214
0.29986089513259767	0.23931826757683694	7.442633120921744	5.248117663704214
0.4895852351927116	0.4891587106066615	6.238581306485775	4.124739890121496
0.1745034593444283	0.14257182126048107	7.655768079355143	5.124174805740303
0.3324860965214341	0.2969220121079804	7.102233865539206	4.761518165335615
0.3520135654681295	0.3508923261865119	7.063676962965355	4.747310408752314
0.3690207027662564	0.3309038756085223	7.092233824382369	4.544685003447526
0.3660158239169015	0.353194870392073	6.788966792079173	4.413473773733874
===================================================
