0.19417466476827716	-0.031588170599847976	8.510812079403603	5.984519764609898
0.05022377761211072	-0.39127962340232725	9.983033050736125	5.519834974433573
0.18505730054348157	0.1253615348704532	8.081505911041868	5.364172533877045
0.10515409183404523	0.09158783431618722	8.220183403743652	5.350131889875823
0.18951234776427528	0.10934938767716884	8.010620340632848	5.408751217774936
0.09989203074078752	0.0521219675281791	8.37113132878634	5.377268345243269
0.2220939082208276	0.17628409201079187	7.761014597509985	5.333049251584509
0.2572814404177112	-0.13355240001102886	9.008562364002511	5.7777117527073365
0.0739932913851428	-0.04610625729367546	8.652283834094428	6.094369378943627
0.3502968264047761	0.33471315538689916	6.9642683570414885	4.879692179418848
===================================================
0.21456933945717027	0.08705664160910376	8.084394157009648	5.596270281868602
0.09297485522558524	-0.3302311397590032	9.831257125025887	5.628820001070653
0.18649593935483147	0.10933593140242304	8.054823149715945	5.222833542810875
0.17332230184752093	0.13698978940840456	8.0725241169114	5.199413119414908
0.2937124975503971	0.24582415595288765	7.388258188938589	5.104180581241285
0.2078658938590709	0.17829903538073677	7.793345831076761	5.2198735948833495
0.2648642346387106	0.22469453045313914	7.538995036223581	5.178615510703964
0.3243736846726883	0.10724975653580571	7.871941068805006	5.119396182184287
0.08963834985937974	-0.010835554599961883	8.537778574050346	5.786704662163613
0.2540653339692574	0.24473904877632768	7.496973809919938	4.877777970463007
===================================================
0.316542932787323	0.25404255557775857	7.3611208003236674	4.871915570996691
0.12139552947460479	-0.4473639376710774	10.031670673223653	5.416936779807334
0.1711253054309565	0.06486587063668436	8.396721625329779	5.334403394796479
0.20055220245254501	0.09600909448066564	8.304039125604962	4.975878829209644
0.32093417030508353	0.31051720169784414	7.1696326139033255	4.768044540221525
0.2443760546009987	0.20467518201679558	7.8001714396809865	5.118692828401197
0.31248153014450086	0.29554649038683234	7.287566773139521	5.203815201921866
0.32390319707341897	0.18321125350231626	7.612987306153092	4.933128888703708
0.18610542877164513	0.15544543407730116	7.809030577107119	5.179695018828662
0.30845968753060854	0.3036652856216663	7.201674046917361	4.668981991395951
===================================================
0.2943630415225744	0.24140172374512525	7.4944279680306565	5.070997926200267
0.23790688690260076	0.0025315748301369956	8.146203671287097	4.877079411733852
0.1986101513800519	0.08822439029473406	8.346768023263039	5.231253744790645
0.22092894677572572	0.13175295384461716	8.261435575297083	4.975603523244064
0.3816083602062686	0.36268083563426845	6.780141198388137	4.787679516240959
0.36857508713849785	0.36704731959993364	6.900799018380755	4.691965530729184
0.32811418843544854	0.3230377996508291	7.083791651308449	4.953780398534733
0.22793030225468192	0.17192098867869487	7.748607889661948	4.866585765843124
0.3374532106327478	0.26924949062690484	7.07931337032373	5.132863914256592
0.29706413938405085	0.28777989900145606	7.321422697022743	4.731279740104855
===================================================
0.32396744250179405	0.28779957937368095	7.367063721912406	4.780760092973311
0.2892339575859714	-0.013554332332809782	7.921418218534414	5.00982295168205
0.22891539644376058	0.12065404118589651	8.383053650732576	5.286839163058439
0.30030980012365915	0.20946553686247094	7.849307182951467	5.041262580220163
0.3161517782914507	0.2864366616053986	7.140900267117555	4.806988252789002
0.3553948093450548	0.33434070740718413	6.946533667472745	4.696830442821692
0.37214817687902424	0.37136425465111766	7.023665692133698	4.776541539685876
0.2945822850338699	0.2575712021548371	7.524035836633733	4.689449690977842
0.3870169646804869	0.3350318070622882	6.860217115467766	4.772954527945954
0.40929079053746925	0.33796624420119037	6.745741991441905	4.631360965944917
===================================================
0.4294811498681246	0.41390732129885466	6.800772362521193	4.3757008589920146
0.4644709279872779	0.4499616189185103	5.931049294778643	4.088515511622441
0.2694998992894037	0.1910380122948343	7.857496216699996	5.00225120252587
0.3788550536874722	0.35545936294447267	6.997925639373099	4.648389431301697
0.3699482547741023	0.3616420765862247	6.892445309739527	4.578480392111319
0.34877075763022036	0.29462243500395224	7.062350918139929	4.795064459063084
0.3944525395918986	0.3890416118709896	6.882480565371485	4.595164649366468
0.36091612693840613	0.35161246938554735	7.0984042674440255	4.526685978602228
0.3694732822471524	0.33675551627975997	6.986382628003571	4.5455603793617385
0.3518177108230876	0.2878076200349642	6.94924357580129	4.812119550684745
===================================================
0.43103852980579394	0.40227118918114135	6.680622597405238	4.427224484113541
0.45904176728154167	0.4550010309361988	5.982287578627512	4.0939630196813175
0.27317363411191575	0.1892900754639507	7.912975321141739	5.010406461549379
0.31354105458362025	0.2759765779589817	7.261083411480955	4.953381798948894
0.5111904089717817	0.5074575965800776	6.125825988278628	3.961559329621119
0.316109624610687	0.2666824913359285	7.080043397108593	4.823541138423974
0.33661692339474236	0.30368480409396226	7.067993716962569	4.736497053317274
0.415951605896087	0.4096767174121584	6.736237865037108	4.39393164886655
0.3892901346231847	0.3517628935558671	6.98080862064898	4.4350930661275525
0.36757504378727124	0.3313462789606113	6.902677600147564	4.694289294170508
===================================================
