0.10056448284264205	-0.031202215979087233	8.509219828426346	5.282708430479098
0.027714079348706344	-0.17716022912934237	9.182756898527645	5.726534634070387
0.02009545189294615	-0.16508402501543284	9.327314748254247	5.771355308372007
0.06843538800328464	0.028069734080775954	8.5027143594635	6.244694760168591
0.10329096322182202	0.09143429808277204	8.090784481502638	5.400267896379479
0.012274999604495527	-0.10845420125250538	9.052463929790449	5.639376042885904
0.14051449924644238	0.07854231988740279	8.208569331117726	6.0562566180443085
0.03058115844846358	-0.28029041280492684	9.573901074991845	5.975892712285049
0.029050756069269282	-0.12668188350091736	8.979321333386132	5.45680276839027
0.1121233759977174	0.09498389023297782	8.122677017427755	5.674900526801419
===================================================
0.11602228907041377	0.10420482734412784	8.00810800161244	5.272506462012704
0.1370815558504949	0.10080809177936534	8.08298354478749	5.423659412566161
0.018717583601636917	-0.18990423230332154	9.310115055243298	5.786808670610623
0.0845790979865177	0.07884328168944876	8.340040240259468	5.696634317015863
0.09617001281839556	0.08064762259955383	8.157306047295034	5.366356269237347
0.09659146319532289	0.0305465957024591	8.465069345348693	5.320987805015096
0.0585232657894256	0.00467963608060018	8.541978585102367	5.676161975253445
0.08984901345992558	-0.13242623475367665	8.865879137805205	5.506202207734507
0.04024928555830894	-0.03185996006699421	8.626110417051814	5.360089185357085
0.10516002999495826	0.0352485673814823	8.473155840529461	5.2090138557882755
===================================================
0.11713246384483843	0.015507929187356329	8.456546279130974	5.325269684481949
0.11356543523657465	-0.10960390334022896	8.783515671591308	7.086651915509695
0.06414148233197951	-0.10935227055960994	9.145501806019293	5.693843625520488
0.08543191362873624	0.07864002581607565	8.383435491791294	5.547037628948676
0.10304049761085193	0.05722089241610351	8.383785518038094	5.278625450429487
0.1001875476278408	0.06478961227793834	8.458367330433047	5.361308381730651
0.10666812876395541	0.08180032076391475	8.320031045804281	5.755120229278084
0.11687765385847519	-0.1314880101788023	8.960354891598753	5.6012497206331435
0.03987829932945222	0.027422756288522643	8.380025074988739	5.3784532293659675
0.08621469381715156	0.07507592168010946	8.29998830479281	5.861564271969773
===================================================
0.1144788300080862	0.10117818040929871	8.157730754817413	5.759672921764951
0.12770800479830352	-0.10120676938656059	8.559336920916136	6.928193828273611
0.05599217186726985	-0.14909692446210987	9.370282608977123	5.8271334974981075
0.08882249878283802	0.038384354196482784	8.694300040967722	5.466433313402876
0.13172724012976963	0.10497589711370636	8.034847063237143	5.501738163161577
0.05227667439588488	0.0007166728741162531	8.670778219753206	5.546777505457069
0.11985716253035245	0.10347779361548581	8.151998574736101	5.718765255663833
0.10694037446216055	-0.14235477723584067	9.100982871500053	5.688243015402463
0.10432629750914385	-0.11097952453880633	8.728901668276475	6.897164124306269
0.09620194817606897	0.08742077580541074	8.287502198890616	5.423749424503875
===================================================
0.13440322229304197	0.09784468804930824	8.29151648874175	5.362269897449876
0.12770930576381395	0.006567928808975387	7.842391408661741	5.991731838013648
0.0631526187335462	-0.18699829405228274	9.739740971774637	6.033947756387649
0.09418261790557783	0.034760871701504215	8.673380137907902	5.524212221610634
0.11813447889123721	0.10586521363090229	7.993522448999639	5.446402146001006
0.09488499290560083	0.08240374481780866	8.155826184752188	5.715317652516802
0.09725282139465238	0.011557607105801004	8.8072429728141	5.649780579312676
0.008077765251930586	-0.14677767832107924	9.351107857313858	5.859209360012449
0.10660809752953423	0.07808583321467277	8.077606055436364	5.612714725326065
0.13207650496413886	0.10673709798865672	7.83572721309512	5.506536112953304
===================================================
0.13746494019008884	0.08878422417175869	8.479801869994917	5.407374782614881
0.13234793758899746	-0.030821691425185094	8.119453714211645	6.358220288515586
0.08374788650263197	-0.015886218095524374	8.80526959174728	5.621457402623096
0.1021612951539713	0.019717269038345475	8.630179869212656	5.910012279299461
0.13626677929395192	0.07321644462097454	8.304822634398093	5.981661500056623
0.07317728526226812	0.06201919491446184	8.1439565417202	5.261612482429873
0.10265705311421151	0.013207088814676027	8.746860260400792	5.633103449800122
0.11353912855673841	-0.04306221224977991	9.003233393003226	5.66527745845176
0.13101958202442063	0.0904705952306264	8.181330102933861	5.626096898533491
0.10424916112142384	0.007169034463640145	8.204961166679672	5.250534728828224
===================================================
0.134945993644428	0.06303618610390882	8.364235510949554	5.367946557358254
0.1270154627638436	0.09378479401511663	7.71409741115304	5.046460455267675
0.10352986688979009	0.029927734123442074	8.655837819506491	5.505311123871559
0.1145392876686419	-0.005917020748922752	8.558668320505172	5.446454690734704
0.12464698522806039	0.0895844225114838	8.328421245530375	5.289158465768387
0.09763932519604503	0.08490409690596368	7.9090295477868615	5.334548596311357
0.11743702937612456	-0.00874864555017929	8.507161951104482	5.624136674249855
0.08263979993283321	-0.05606929428077434	9.009872926893133	5.752933843944651
0.13542987549109542	0.10479503188166783	8.203516012939286	5.322070726400205
0.11891407802691653	0.10381174031133367	7.991284303718433	5.39608502448174
===================================================
