0.03965762029831825	-0.10977246522262929	8.827440465360521	5.370261847518327
0.006210055145511746	-0.38391451990029735	9.956574085821414	6.2723393188804515
0.003706703864734168	-0.2161164478021822	9.529400714937683	5.861389958830704
0.011793660910726433	-0.015454774345695421	8.691011596452016	5.53811691592395
0.01796545520180782	-0.18439837169937223	9.2376470430295	5.65122476650686
0.0005030590635825654	-0.2114244190919805	9.46359373189395	5.809352482660508
0.035501836937497505	-0.05401003170233598	8.779143457969793	5.383834716724439
0.016966414576534427	-0.3493978127307522	9.828894871586776	6.151762243894274
0.020791746690670083	-0.09530713294636595	8.853414873747479	5.383807985856778
0.007265207904936274	-0.07838742021674006	8.86662694325521	5.46461699735446
===================================================
0.036691355158335215	-0.19910099735572917	9.265171121695401	5.657280012621355
0.0239831000877816	-0.04881227312385206	8.729600718336982	5.41907524757076
0.014259505005050844	-0.14607238348293428	9.137030344940673	5.655124755897688
0.021057533352838928	-0.07572232993615824	9.012628628965095	5.543552980564846
0.02152138396759214	-0.056974720879749086	8.746575617446004	5.422207452998524
0.0077578309525378345	-0.11934369198644879	9.095964950943284	5.608828323325849
0.03502931350536478	0.007953337797399485	8.527919332007572	5.405111256518527
0.024468573678420185	-0.2324378752512153	9.24909763262069	5.747205078245926
0.02760967391259906	-0.11429323827761673	8.964052269557525	5.400368048092133
0.026289856244536187	-0.13662031187032864	9.196978780302626	5.539663181581465
===================================================
0.0347988794824307	-0.2414121243945524	9.496091922013417	5.8315202059047735
0.027476465739358844	0.0021643908374971987	8.32940332130785	5.335017990841631
0.01903997190429885	-0.14108338120982333	9.27537531393062	5.734572254371147
0.03440997739910663	-0.09460660356044603	9.137689319343782	5.5562037930297885
0.01759128340845684	-0.07376983709482965	8.9472749708237	5.5187903646562795
0.015699682646015962	-0.0846766084288535	9.109237346217272	5.596470729052551
0.03532856011670536	-0.03265725181369317	8.823369730568272	5.444103842325178
0.01425788542776198	-0.18536935089091244	9.171219331782202	5.697220868508463
0.02435403548384537	-0.07001454787646666	8.789782068977049	5.315575385755714
0.023730498070723412	-0.10111633794155894	9.05609648654827	5.487469843915007
===================================================
0.021067163802577695	-0.2153355595559019	9.48594640481859	5.8123120661759895
0.03168630282888044	0.014875258155731319	8.095642076811892	5.251310871596637
0.020194170211143694	-0.16235733873213243	9.424193385458606	5.827080736538068
0.03036701187074085	-0.07309669098205651	9.184452894428423	5.611449395400267
0.021095109896796686	-0.02180254907277357	8.585068013831831	5.451076229441908
0.02050514539353739	-0.06213706243872408	8.939310843130816	5.53644409463231
0.03386940404976592	-0.02522960549537423	8.717543814502928	5.444210979820067
0.01267372074372658	-0.16534830460795868	9.19211968145429	5.722538641289308
0.025944938911923014	0.021302995461386587	8.192768875567335	5.265860109491674
0.022774433767487154	-0.11577667281487058	9.163829636964394	5.546978748913494
===================================================
0.031829265061255115	-0.16072716016818345	9.404991053864343	5.732001996241458
0.037193123230429524	0.030851345844803313	7.7459488390530495	5.041305177953856
0.021692123243261432	-0.21715961139927153	9.86270687896504	6.093065228159195
0.027174368597043412	-0.06213795548523238	9.098323740924902	5.658651918810018
0.02023105188562601	-0.017069831903606225	8.525347486289924	5.354970778682058
0.024764846604108305	-0.02433526055068813	8.617141147508715	5.339316027177406
0.040946603137962494	-0.03158815638885826	8.997409142141617	5.5656017646771545
0.010347068167905685	-0.1280770785916363	9.27454981498489	5.7527164822634616
0.030841339941638988	0.00824779303086376	8.377974077550425	5.251151860039034
0.03299834999139461	0.003957228129938151	8.27425028594027	5.204185776839368
===================================================
0.03363496117271687	-0.08511310581911768	9.253639885865988	5.650331067593859
0.037920818070595774	0.010572524568233543	7.95475886152234	5.018222261232111
0.02985714632355833	-0.15988662989080038	9.40866258818836	5.849270977667975
0.03372318907224497	0.006720882888148538	8.687200072836342	5.51243497953199
0.024826697837228774	-0.03717279010092667	8.78550559039199	5.432033125421185
0.028088867263487794	-0.02875109215879701	8.528911865779845	5.255780011028222
0.04718996836184486	-0.019392331900377258	8.890165768270007	5.530185049641548
0.030975762245001134	-0.0830003487478519	9.173978135851922	5.68367014458222
0.034952410282596345	-0.01777771813925133	8.654500619518483	5.295873295421325
0.03534249577753951	-0.021359612473833778	8.322009615043248	5.199070416203435
===================================================
0.04096780281883748	-0.08588896653649147	9.00445752179966	5.601215455864619
0.038127592019023646	0.0025214450458438398	8.093217833182806	5.036401832821563
0.03319909871044569	-0.16366102491550527	9.480261364743896	5.843207147851917
0.04271669597204176	0.010838466000436031	8.48708843529107	5.464248283013533
0.020024947322503147	-0.00868849774972169	8.766401907845427	5.451826111005987
0.03197619989746316	-0.04164052808997809	8.438180810736842	5.210398157758257
0.06685990861281567	0.009479827960268361	8.429947704426771	5.352068456355296
0.037375291269801096	-0.04163161806995985	8.948073343678551	5.585700025579127
0.03933749973182348	-0.028539381780117168	8.793246560166569	5.3088749816667615
0.03515259349477945	-0.045373969298412975	8.630834668725257	5.299233248366976
===================================================
