0.14534134368748958	0.07976774341584714	8.038343314636068	5.90253736505023
0.0734522421706401	-0.2657816105093911	9.522142744505075	5.918968458940603
0.04058002235426671	-0.3994159385025928	10.222365767123097	7.031587716411289
0.041234024747152105	0.006682390344079914	8.595756490752784	5.44681933318977
0.10621143090703995	0.10174445961709244	8.04474747152469	5.649008186352053
0.0015722719960608582	-0.1594734149989614	9.258450816203055	5.658271417646224
0.05639995002562539	-0.11878788976271148	9.044897548596412	6.251895690448156
0.12319169181273583	-0.05527990844760389	8.691976107034387	5.475407397357945
0.0322686607060443	-0.06496693088537442	8.729933170297354	5.344729953560522
0.06637561205653944	0.035411935280317164	8.38575117411729	5.548406006169073
===================================================
0.0854920074316629	0.00743754060504187	8.42955183228156	5.715641249878934
0.12591833113418288	0.061536531918163995	8.257606532963283	5.499936670855262
0.0071858295256028056	-0.4959987923515383	10.439138628389774	7.492266096369872
0.062750325748544	-0.00018258520904779196	8.690425250421574	5.454265175308763
0.0841125176749278	0.02043884375585303	8.420183040023181	6.089161754508931
0.03255809559812548	-0.3219530043128558	9.88496323170176	7.121307315365549
0.01185025332731675	-1.1171847140628506	12.458231833664351	9.391583724485994
0.10166527663363545	0.029531345356142547	8.207437832727356	5.300459610030524
0.018725527660046107	-0.19774572524614298	9.293663579523578	5.743891366304183
0.017126485026797207	-0.4056429678390794	10.227629571594463	6.776517429965153
===================================================
0.10603096617321033	0.022890645768660955	8.42477874523646	5.8124322093605665
0.12900701148071994	0.057020140126179064	8.097213699103824	5.47860261331991
0.035527180446082496	-0.1618718157558512	9.35948408147526	6.237806129480579
0.06004155379560667	-0.14972639651333153	9.36493154794434	5.778421547780718
0.08498812972323318	-0.03803527222789049	8.797134659443879	5.304981606467484
0.08054162499101762	0.02083505223733051	8.654855270401212	5.195152421116525
0.03540250254593948	-0.41646622440957914	10.333786630776224	7.97051956762666
0.012357327162430813	-0.18524168698244603	9.170725449756857	6.0553414042920695
0.011763069737602501	-0.15905958704034173	9.14821047640491	5.976341395237097
0.00798028425884837	-0.5116898911816357	10.61098723670003	7.2310643548381135
===================================================
0.09539485095902663	0.0731287904311888	8.2840413912143	5.326719603085826
0.13182919122832346	0.033749373268701977	8.017714359182975	5.662952426066521
0.06608130109031528	-0.1055814522378884	9.19114738722227	5.867999321436267
0.056452130663003204	-0.09106304908613261	9.261019254578693	5.743102401541352
0.10844723093106957	0.09905357012271909	8.061386311731836	5.243590382561626
0.1085961326574462	0.06230339551147235	8.399335502683364	5.13317015840491
0.08777494185522372	0.05012033275142458	8.391080067653382	5.433962007483284
0.04063074983230128	-0.015903528022237712	8.582504309458422	5.573339329303555
0.00018873981355210827	-0.4901939988775299	10.10946047787746	7.250063204795237
0.008836857539235729	-0.537167710077443	10.755955443016253	7.335133007057541
===================================================
0.15981807227826889	0.14915885649379113	8.052255648529298	5.188622787442907
0.11043282485144283	0.08432337196613338	7.529228723045851	5.071465658771283
0.08516432018352728	-0.11970452833767853	9.459628409088829	5.811853977140549
0.1046596256533569	0.06939084145666108	8.51637120527092	5.40968114408647
0.08925713987053471	0.07650976698346823	8.12368091255469	5.198742362753613
0.07131436105219509	-0.046880399918681315	8.711454643535488	5.490257935668781
0.10439410713184367	0.06175149399263091	8.580710243900276	5.537975416358394
0.13433879943268234	0.12401615258411602	8.172811829312234	5.3391291720290655
0.011742661819782577	-0.2709354682987888	9.484166603146491	6.492724566944651
0.07890597071249783	0.034069989422353286	8.148215176357283	5.267865200095219
===================================================
0.14161780130374596	0.11541554950152766	8.354967032243625	5.294785555246813
0.0935969518973996	0.061043359001113684	7.749216687080072	4.973023614491041
0.12189260130429212	-0.025124002452770355	8.845213583891319	5.410943682803267
0.13776297374188368	0.13549412273039851	8.104535825931633	5.275248790884106
0.056362530739789266	0.022116596242284903	8.530701385073582	5.5303584416121305
0.08510215786242244	0.004388390477309434	8.390415115102478	5.294003955741172
0.12158119103935201	0.0642850290520145	8.517476947304555	5.411079402557027
0.1551945755409947	0.1281785047415177	8.231086938244268	5.247024040671919
0.030871804059097882	-0.16023435718440115	9.240349646567202	5.963450692508987
0.10708099060667131	0.09720090988992225	7.824100661913462	5.078238296709873
===================================================
0.16893321558026464	0.11434327545085365	8.132003477503297	5.1508652717530214
0.07152541436237857	0.01950400658573337	8.02402656388258	5.061606220542421
0.1262290374338133	-0.060078016429348624	9.04848728872187	5.523460340531813
0.16502677682832181	0.15328463668827874	7.852244930100971	5.069961371866682
0.02680972592442429	-0.03400122903229663	8.875715455362576	5.770919508346002
0.09116839274704648	0.03970706455492934	8.10199105756956	5.16228224704836
0.07870726550375555	-0.03483835975541694	8.616471933538362	5.798579104192148
0.1573920522968104	0.15382037008136396	8.064988292207826	5.2802455412286955
0.1495430863552136	0.10069577494235926	8.222277029658903	4.871143811480601
0.10967618549314535	0.07060759004465611	8.137978109566546	5.022098835881954
===================================================
