0.13637118659639696	0.1311735532947773	7.810598986124625	5.2363715932170525
0.09400447599306518	-0.2654041494364532	9.520722868366438	6.020852403494643
0.04078894026243156	-0.3912997257866202	10.192679260443898	7.003150500543226
0.03947897350571223	-0.003875326464291451	8.641316788505844	5.450058434716393
0.10774795043420568	0.10445409159957497	8.032604619176466	5.496132836458874
0.017403627081183003	-0.06770974654971162	8.884531463756986	5.4852494882476215
0.10300563274307252	-0.0389547603682423	8.716218170181238	5.660415997500298
0.12266027622415866	-0.041057657936062864	8.633205536678723	5.435167564770313
0.0318110577157982	-0.06613856569298715	8.734734015106973	5.3494195907877256
0.0726118916455781	0.057498446249033996	8.28918947973059	5.420250797705798
===================================================
0.13335712454059714	0.0553007044920375	8.223796565415487	5.213736739209903
0.12523702657418995	0.059270574917995034	8.267569680564458	5.483481234946046
0.03297252941998219	-0.16850708637603629	9.22602694593906	6.150345521885396
0.06353417980807906	0.00036238425462464807	8.688057351918863	5.452607712413453
0.11447979132168704	0.11273284243470294	8.013697744393081	5.305326892636747
0.028917139043079333	-0.031093686462579262	8.730037595239589	5.578101303197742
0.08181864325250737	0.041977828077513935	8.38040126230747	5.7787111285461075
0.10226882740196411	0.03143384597731114	8.199388981417927	5.300051129847393
0.04204834841309115	-0.11321325216688116	8.959707184036413	5.400252972084538
0.038593100243304646	-0.0500201548537329	8.839674953378413	5.591052180715947
===================================================
0.13231483040256964	0.0875747136051358	8.14114659235996	5.186097101025542
0.1287673930006436	0.06042914860618798	8.082564148158635	5.491566354776622
0.06125279975461318	-0.12020369596647673	9.190122537942464	5.915603819623189
0.08299811990756037	-0.10483320005357188	9.180275492169633	5.58744360079014
0.0834848924474169	-0.03465560570105497	8.7828019956632	5.295030864780143
0.08250992182539699	0.01813484755364181	8.666780631607043	5.18830713028712
0.09197923168813148	0.06273784718963948	8.405952249568664	5.9128769707629445
0.012208625417430419	-0.18108248438080143	9.154620537653809	6.048259664167736
0.02151359386070744	-0.1363433251040158	9.058119563217286	5.687604554457339
0.0281221990818725	-0.10158957842027094	9.058042353168778	5.744364969551644
===================================================
0.11853666062605797	0.043912963219835066	8.413588724938501	5.186571416369291
0.13588714091078852	0.09083284281982973	7.777276780146482	5.287217527066123
0.06474573731757279	-0.10865074340764469	9.203896676466687	5.8770754954563404
0.0728718789057513	-0.06143435309042378	9.134408565691741	5.567257882847859
0.10964518282424843	0.099968177222019	8.057293463891252	5.235141129486841
0.10851445159732469	0.0518860443654342	8.44586289235432	5.126505563047163
0.08678218300205125	0.0482466171565481	8.399352037399153	5.438728817019527
0.03972140421664313	-0.019345827537535554	8.59703254245092	5.580756783791853
0.003920696822996017	-0.27890837823962	9.365399114503036	6.333829301713188
0.029796950866125452	-0.1374868405859162	9.25255251011883	5.841284540069509
===================================================
0.16073036798562945	0.12782926061244804	8.152561236083281	5.087171271327646
0.1140609548865318	0.10323539615965194	7.451070192278436	4.915297985070465
0.08412303096108904	-0.11703289879037615	9.44833627114643	5.802757395550754
0.10494358687912692	0.07412621711993006	8.494675926574201	5.413803469324322
0.08709924286064834	0.07381387776750725	8.135529756774808	5.204909393977476
0.06946743307329392	-0.01629841711794011	8.583269917147177	5.358360912632516
0.10443137688848625	0.05726182960118187	8.601215756293914	5.541860360704102
0.1311886614217952	0.11914005414734885	8.195526934967933	5.3202416989844705
0.026122931840640535	-0.09941084828520386	8.820992106908067	5.849326144653483
0.08444896733969996	0.0527786085265598	8.068919973196707	5.170807683926183
===================================================
0.14712086010403858	0.10760300562013958	8.391780960770959	5.239445161205261
0.09583080492268393	0.0674905237265756	7.7225666102902935	4.861941336671325
0.12778069071146714	-0.032255054094956215	8.875925166848136	5.421471164611452
0.13690785105820905	0.13510065586121767	8.10637994501909	5.285993083672296
0.06405505688610882	0.03578524268403538	8.470871410963714	5.4218511409755195
0.08879190375330062	0.025133280169017502	8.30254224942955	5.204425562480164
0.12150960999656933	0.062308490437373076	8.526468061935004	5.416218795817903
0.15539077823660957	0.12583498542033755	8.242142392679183	5.242361530029183
0.047773406532203196	-0.05119172697942043	8.795418548387891	5.538273365832034
0.1105850078843303	0.10344191990799911	7.797009931253164	5.039381553451061
===================================================
0.16828881626435044	0.11234689364297556	8.141163598434934	5.149300203552814
0.07385199638530618	0.023035214015299954	8.009564465222986	4.973800775031734
0.12589148318098262	-0.06312151989424186	9.061467165672155	5.531550879932318
0.16700711311265898	0.1491378425222567	7.871449656085122	5.040202858979031
0.029843904989008595	-0.015126660694602778	8.794334094583306	5.6382267318351404
0.09196339205469023	0.03647977917500855	8.11559394088883	5.124757290151727
0.07998471960505982	-0.0204255327581484	8.556258101395256	5.7735767419856
0.15885190722139061	0.15153641262213113	8.075865224636033	5.234987375729023
0.14897359242920807	0.11406695565866654	8.160922218746714	4.857789673795728
0.1082154252943156	0.062345450608974784	8.174070689025351	5.021165727638506
===================================================
