0.19079400355227627	8.838350749115468	6.219727808165403
0.04328016887750691	9.58136491843101	6.191279938607779
0.06837632926369037	8.667913773045761	5.784185104642532
0.10711177416216049	9.41229363020326	6.9241101984520395
0.15154086444004097	8.423341490133144	6.010208570854601
0.08213353135028408	8.677413491015153	5.6134396645422635
0.22814225438508096	7.997344475981333	5.761054064379194
0.17280870947030635	8.426421340804922	6.086648395046822
0.06710757668045474	9.727097577012131	6.996149358628995
0.22080719465685672	7.739640240773008	5.427015851599412
===================================================
0.2517203945707276	7.651911154527408	5.233983675912693
0.17729119994533324	8.095020707733187	5.7582479634513515
0.18600423669562338	7.950594861131103	5.508627504700594
0.22378465507421982	7.6936853361108195	5.127354603443988
0.27536022230339163	7.609114949108766	5.4181334582516385
0.20014625022169907	7.940359388696325	5.52980735515769
0.266932830589758	7.649765449829649	5.462078638001818
0.21795851176288483	7.983461342241654	5.511452593459708
0.0596723144903539	9.166997571173543	6.475959842243402
0.21461225940156164	7.726232398244898	5.198585760989007
===================================================
0.27019605551828213	7.72977356265943	5.146517270689929
0.30015457389563377	7.183195915411943	5.232597894778899
0.2039103723368389	7.947990909096909	5.29333778402873
0.23871037869402728	7.722528034815753	5.040376539894699
0.3331399923808037	7.229232050816191	4.9579529281019035
0.1946417304864238	7.945119217883192	5.239498170810371
0.2711612744898383	7.522900566777488	5.245473000803477
0.2742257131123487	7.423717752677671	4.991623140468391
0.1518442214104104	8.224112281330138	5.704953211236897
0.2104884810014738	7.69905048151769	5.227564794514317
===================================================
0.28525467552570954	7.670901916303893	5.035042822198338
0.3271233250855976	7.079201743792299	4.919645453755185
0.21558624752196057	8.070973076362913	5.354690308845224
0.2604513130658653	7.7599465922979665	4.938635011568477
0.37234765304641043	6.996580407575052	4.898271445203604
0.2712638513450008	7.497529103175497	4.889348145021736
0.2245351082692698	8.10433279542404	5.544625930141071
0.284958211790163	7.397139961527916	4.954214731926354
0.2984796407162014	7.232022053484464	5.221876386203141
0.20667273986440937	7.799888021155029	5.281278056215684
===================================================
0.3251335435315194	7.415319174554049	4.873770221346786
0.34313122646337196	7.262636054645463	4.856576308578999
0.22151810139025846	8.370593990391374	5.4988750317635375
0.29083099219935016	7.505393577694929	5.041107931230327
0.376309050298698	6.819758203529783	4.638476380600335
0.3665798936920872	6.847152030757954	4.613084402569504
0.2604958748348463	8.355347912436605	5.69384269636453
0.3240132094191164	7.269238399118949	4.897667139697602
0.379087760472546	6.962269388074934	5.005021247105157
0.38986021581929675	6.53628568111056	4.606489436163711
===================================================
0.3754895244242006	7.063942280327973	4.664163003587022
0.34289816390497246	7.220603299928212	4.786725711645912
0.2256266059437745	8.56974544026199	5.196236151235189
0.4100106571086709	6.8178496607253125	4.831567561702029
0.4359588510802009	6.646081874840762	4.401646854932478
0.40046024065953123	6.651861105815998	4.565312703618889
0.33511352219763124	7.499945239780805	5.021383946051631
0.3859089147839872	6.9663784077056174	4.710562856521357
0.44482532335976155	6.435133877678043	4.364270255804396
0.355208220956653	6.660939830034525	4.600919375312629
===================================================
0.2412859724183726	8.02017728954695	4.883072958726085
0.4667961243619461	6.256954498649008	4.535186817057301
0.3899048022616436	7.1060695871207615	4.596406473218145
0.4386953620628289	6.563206717062617	4.755878095978612
0.4644712407784383	6.442122553632388	4.205470934858151
0.4118186096808975	6.4618077869472605	4.362489163099661
0.3737462430835836	6.993413100169763	4.963975085401785
0.4142406927364266	6.75973730833855	4.635076281263903
0.4361570645391531	6.567854570803644	4.241105749030757
0.4212264437174397	6.4368117156553355	4.444352584389271
===================================================
