0.18906682751722254	8.799086675575033	6.173553384893599
0.07653476838750492	9.37128409832181	6.104090957451808
0.1283643240357197	8.274938048865748	5.481055692140568
0.09534430046968845	9.712052085028635	6.839533039145155
0.10418349727928616	9.218829735375138	6.523286206172015
0.10232601646070655	8.620132475848925	5.744404478110897
0.19169740614475114	7.774364205654875	5.3835712940065905
0.1960196009457445	7.894256676398808	5.371857158535644
0.05159720885622573	10.698645569041135	7.3453115395775725
0.22524820799318057	7.610916786095846	5.0879365561927505
===================================================
0.23555879831325616	7.9708147940783975	5.517246551502065
0.1110493772555712	8.405145622170588	5.360170361872958
0.1871458088660758	7.885274554491652	5.507817230802536
0.1925575822837188	7.8339219377543925	5.313778691466697
0.17466466861885208	9.330336511800885	6.399224176709248
0.16099257225187716	8.691885651946142	5.960961701035013
0.25794764001769693	7.449569093526482	5.244077707016177
0.19199666481109934	8.037457775401988	5.527293577716294
0.07397925481585785	8.91328591353278	6.097522759492559
0.24046977185755766	7.614805425109602	4.90618791514045
===================================================
0.2614665792714821	7.727592508493573	5.168962938729451
0.21781236296646392	7.6194389321197615	5.261435152189576
0.1966860370877389	7.9475856948094314	5.315323469869729
0.21909419674746877	7.8184388741915525	5.127536877708609
0.266277858680564	7.8416875247586635	5.357901079054518
0.20428403715713356	7.976570312508343	5.105380902713808
0.23458931855850532	7.614411163093675	5.238012555481208
0.23879622970308942	7.593188608496294	5.0326582078694315
0.1143014289479048	8.991728806452427	6.126903099397644
0.20532894622913928	7.700853121745527	5.173776128141582
===================================================
0.2482776588813319	7.97694160447256	5.3179470624896235
0.20977057160266013	7.594014577367392	5.04520775538857
0.17877913824362793	8.170882147117048	5.476023563468939
0.2394909558940327	7.851254909908169	5.134215185376391
0.28021401956802267	7.542695597140593	5.269736801810596
0.24653852829389067	7.664670861817424	5.000762824383282
0.22511604025444248	7.816020029952958	5.2729650533145485
0.2202971990473367	7.8209350002505875	5.072161664208867
0.18915686062809278	8.401585907517997	5.923435311977762
0.22960064273145822	7.734355651653552	4.948772198751292
===================================================
0.30710658564190746	7.491683891082382	4.928714583901602
0.2653854679573	7.0903330380184775	4.698284709790566
0.20641725867087138	8.609708970822533	5.5613210887013045
0.18410489925295814	8.097285272934029	5.2118355347976575
0.273056202364127	7.515808394961749	5.1082557636047285
0.296205704881855	7.182200493420503	4.922160833585241
0.26131906078902867	7.703886709896942	5.22228248843039
0.24486368856501436	7.764096673675361	5.145189355474185
0.3289652884185594	7.089067597958638	5.093936406818616
0.30715784636336435	6.979396742583583	4.815129909470556
===================================================
0.35752007588854	7.258862521120676	4.745717688342407
0.2622216005894541	7.3441069182836225	5.035250663765816
0.1486192808347071	9.073803919797513	5.488695805983335
0.30425758054182234	7.329517781514902	5.060917379480065
0.3414221799387469	7.294152890675437	4.841548298499215
0.2904903947025481	7.147938849673932	4.942426269486511
0.27664324574015603	7.532977445739887	5.050183492336118
0.28607289819087833	7.553671490796659	5.007797469971351
0.35725823904844006	6.908222949629876	4.7410608303675
0.23419062442374566	7.390514157772149	5.208891755011798
===================================================
0.2322643333694511	7.755679558034538	4.886550932502856
0.3717627419836323	6.538748260338098	4.711749804579777
0.1911867625193108	8.829939131771157	5.317868276856746
0.3334088978141621	6.988085011611462	4.997107130258788
0.34700758061257514	7.22999475518541	4.64535782500882
0.2717246840253214	7.162994464733279	4.895878725616993
0.26654453010828727	7.278128013403691	5.088933441511565
0.32199869568017825	7.31363629256464	4.946490216224054
0.3380674255937451	7.250629103196058	4.494800199866813
0.31572005443701484	7.0159032045893115	4.782765244224232
===================================================
