0.17097904049423834	0.09741599821099212	7.96089031639135	5.228513369795723
0.09794218309563521	-0.03452255611694022	8.608456292380875	5.507997113091666
0.12330521004368478	0.007774485710363321	8.607622331814099	5.471407386562869
0.18311352460209815	0.12197585399094957	8.081523983983512	5.0358043743974
0.16279975839523225	0.08737892924610147	8.108820922725087	5.243217862771944
0.12593280110236135	0.012182605908220512	8.545672807162658	5.348664843356491
0.17882276088211	0.1315334486986529	7.969045781329247	5.084148684854293
0.1530738728508352	0.061172501644002564	8.198371421476413	5.403656987540791
0.147918099999387	0.09439275634313271	8.050313657185066	4.983239188185968
0.1856293603189223	0.1520188360674819	7.862562893720397	4.977296547744026
0.15295166117845047	0.07313228597029568	8.199328040816871	5.228394635830117
===================================================
0.19793425382766638	0.14627255195315036	7.817811326578376	5.118969379148172
0.20459113560489062	0.16933283433123925	7.768890884119917	4.9249154173546925
0.16526356840943232	0.11082399284725342	8.048091609305049	5.319858750441522
0.21697410639054093	0.17443412027197525	7.895456622337112	5.031902609717564
0.2341552309821163	0.2035395255019351	7.592553641640501	4.906285042438271
0.18441468817408904	0.12591863563015881	8.037907067936098	5.152723167452392
0.18935362788671625	0.17139705142708406	7.7938181914327105	5.067887741630278
0.17870020265312894	0.1070830268194437	7.872676114937489	5.231393203698313
0.18522040348208535	0.14731371065654453	7.8415022715798	4.870625441542674
0.19748561331813008	0.1535758721348217	7.936545226336214	4.946425063233563
0.17418047212566504	0.11205070906382815	8.029926668218598	5.142746608747931
===================================================
0.20413327033401968	0.13131024579512485	7.943634772445493	5.157864345382086
0.2738670729860266	0.2698406620768542	7.125136921420254	4.718341858017015
0.21222075203988985	0.14752617346088825	8.017026671135376	5.21351425052963
0.23427924613857204	0.1811547659855045	7.903296384487515	4.964270193624217
0.2753647241208364	0.21580899341529025	7.646208088871117	4.843648466348319
0.24995107934048374	0.17391710799738558	7.949571042208332	4.970991051819911
0.19848660017855432	0.180723619349916	7.859077939582306	5.05447415330081
0.23264805548542059	0.18208014053317167	7.618256826290708	5.001133295861943
0.21390218971871305	0.19482655879875121	7.624791753711621	4.7577672240820625
0.23895733700767163	0.19406968044394357	7.747706938780049	4.865981120201262
0.19391399232878295	0.13707573763777978	7.934441356776825	5.080097271137529
===================================================
0.2564169888437378	0.17335957739600705	7.823316190197026	5.01557577214592
0.32671641610788416	0.32571778113713334	6.697713082689494	4.538209626758959
0.23594930950935386	0.14883568623980004	8.064567138160449	5.235891236478547
0.24581945029363475	0.19228051934461532	7.968271842940654	4.989849174944435
0.2949951263072174	0.2753289097615208	7.229873811567606	4.6976800117341675
0.25501961393973865	0.22773363741095098	7.622497959063037	4.899081054513206
0.20150828896612208	0.1821234274684771	7.78623403844177	5.081638313453644
0.26822348664629003	0.20264190748742028	7.603516610822237	4.962665163718686
0.3059640836444896	0.3055941293945452	6.901019674847738	4.51078783664539
0.2458131615254282	0.20010938622474883	7.758962774997754	4.8754524595335464
0.21134614239118463	0.1586499272749653	7.837230345675812	5.03024371960131
===================================================
0.2790872279388518	0.20139043775623433	7.8011848089300315	5.007858756265667
0.34859427083686034	0.33254796248319374	6.428201137027707	4.426172198972083
0.2746883540059828	0.12255012732521842	8.374010810823547	5.326781792855767
0.2700420267916886	0.2304339754430419	7.744508569488481	4.9790305601608384
0.3330804120755199	0.31874834307054933	6.977349683240869	4.489449748534908
0.308614068647463	0.3068123880014212	7.088715420584623	4.622021641082379
0.25979264853820005	0.25051634948595947	7.669117253590889	4.987297805162243
0.29522085978998913	0.23155306711163648	7.654739073884347	4.916751310400145
0.3099294903190837	0.30970152497599457	6.989657275305703	4.503986094342629
0.301480977118744	0.295878878229203	6.956861312487647	4.621567601661206
0.22868752063419537	0.1789226028976213	7.743471183447927	4.981813325869805
===================================================
0.321857549143829	0.2579970335952819	7.65205196840122	4.848724381074111
0.35774048918762447	0.3557981603440822	6.418684311001547	4.350907350249499
0.33875589733965444	0.24472072906347975	7.592309534933334	4.934073954880696
0.3229336315633697	0.3191435632656904	7.1923687451348295	4.762715765866919
0.3332811314204376	0.31294620938978146	7.150502653096613	4.577681413055099
0.3172991489830276	0.3172279908366976	6.948264241333548	4.608542380386641
0.2791720918734711	0.27497817472310504	7.497469676964753	4.9469367201225305
0.3006369590037871	0.2633435565247797	7.5661665766566975	4.895649951104069
0.32016156093193393	0.3188996296608828	7.079801839849274	4.522184180680161
0.29713931162694934	0.28952410078626056	6.940864211589639	4.630850246505064
0.2437225633797309	0.19834515488451843	7.653534048855963	4.93614887729025
===================================================
0.3377986153828371	0.2845720748462459	7.308828769423427	4.7505344514510535
0.3658576124905993	0.3636569730705528	6.464204553539355	4.372755678127426
0.3585159696142615	0.27207478464417656	7.498086534829376	4.849446194528455
0.34608835598733323	0.344878067389231	6.906948017683498	4.686153534072545
0.3425930362589507	0.3335934924567415	7.1254526429400915	4.529380719424946
0.31591534805342725	0.3146798357095757	6.844419937541484	4.5565641439533975
0.24763352117343612	0.24098565688077556	7.379351706221995	4.973402251232023
0.30324326972406696	0.2877333663421806	7.3993531964194785	4.8472103835250895
0.3499305251646702	0.34363215525564084	7.0244517989850594	4.422178658876606
0.3117163904698695	0.3101110840369652	7.011428995734792	4.604483770123314
0.25575209210147576	0.21423752548147418	7.573922415495376	4.896586320324713
===================================================
